Original:
[[ 8. 13.  4. 11.  6.  4.]
 [ 5. nan nan 10.  5. nan]
 [10.  8.  9. 10.  6. nan]
 [ 7.  4. 12.  3. nan  5.]
 [nan  9.  2. 12. nan 12.]
 [ 1. 12. 11. 10. 11. nan]
 [12.  4. nan  1.  2.  1.]
 [ 7. nan  7. 13.  1. 12.]
 [12.  8.  7.  8. 14.  2.]
 [ 2. 11.  1.  5.  9. 12.]]
Regression filled with parameters:
[[ 8.         13.          4.         11.          6.          4.        ]
 [ 5.          9.29912817  6.4086745  10.          5.          8.17576191]
 [10.          8.          9.         10.          6.          3.03239123]
 [ 7.          4.         12.          3.          4.70294544  5.        ]
 [ 5.53106128  9.          2.         12.          4.39146823 12.        ]
 [ 1.         12.         11.         10.         11.          4.15362784]
 [12.          4.         11.64662177  1.          2.          1.        ]
 [ 7.          5.07280237  7.         13.          1.         12.        ]
 [12.          8.          7.          8.         14.          2.        ]
 [ 2.         11.          1.          5.          9.         12.        ]]
KNN filled:
[[ 8.  13.   4.  11.   6.   4. ]
 [ 5.  11.   3.  10.   5.   8. ]
 [10.   8.   9.  10.   6.   8. ]
 [ 7.   4.  12.   3.   8.   5. ]
 [ 6.   9.   2.  12.   3.  12. ]
 [ 1.  12.  11.  10.  11.   8. ]
 [12.   4.  10.5  1.   2.   1. ]
 [ 7.   8.5  7.  13.   1.  12. ]
 [12.   8.   7.   8.  14.   2. ]
 [ 2.  11.   1.   5.   9.  12. ]]
Mean filled:
[[ 8.         13.          4.         11.          6.          4.        ]
 [ 5.          8.625       6.625      10.          5.          6.85714286]
 [10.          8.          9.         10.          6.          6.85714286]
 [ 7.          4.         12.          3.          6.75        5.        ]
 [ 7.11111111  9.          2.         12.          6.75       12.        ]
 [ 1.         12.         11.         10.         11.          6.85714286]
 [12.          4.          6.625       1.          2.          1.        ]
 [ 7.          8.625       7.         13.          1.         12.        ]
 [12.          8.          7.          8.         14.          2.        ]
 [ 2.         11.          1.          5.          9.         12.        ]]